Spawn:
  a5f92e7a-4137-4536-8f5b-0cd81b4e8edf:
    X: -286.467327725219
    Y: 65.0
    Z: -1317.5521499345784
    YAW: -36.448242
    PITCH: 35.550007
    World: world
